1123 392 1133 718 -1
595 513 632 704 -1
134 706 1132 716 -1
884 297 892 391 -1
932 293 939 390 -1
932 283 1121 294 -1
1122 83 1131 294 -1
632 78 1122 86 -1
633 283 890 296 -1
624 77 634 294 -1
933 391 1029 398 -1
133 392 890 398 -1
126 391 134 717 -1
1103 475 1122 497 -1
721 607 813 679 -1
605 388 638 417 -1
573 648 590 693 -1
566 578 592 670 -1
397 583 428 667 -1
140 366 154 410 -1
154 434 165 506 -1
241 433 255 503 -1
827 399 870 410 -1
167 439 239 509 -1
1093 432 1124 475 -1
1029 392 1124 432 -1
665 395 711 416 -1
532 383 584 419 -1
971 398 1006 437 -1
635 85 681 147 -1
701 86 716 94 -1
740 86 781 92 -1
751 92 770 104 -1
814 86 825 92 -1
1101 86 1120 103 -1
1091 189 1116 236 -1
780 397 813 426 -1
748 604 765 620 0
508 381 532 419 1
332 395 360 406 2
711 395 750 416 3
469 358 484 402 4
838 372 854 415 5
890 374 895 403 6
